ba <- c(0.276, 0.281, 0.225, 0.283, 0.257, 0.250, 0.250, 0.261, 
        0.312, 0.259, 0.273, 0.222, 0.314, 0.271, 0.294, 0.268)

