or <- 9/13 / (14/9); c(or, 1/or)
or <- 61/103 / (69/44);  c(or, 1/or)

